>pig 
# Chromosome 1 
-137 -136 -135 -134 -133 -132 -131 -130 -129 125 127 128 -126 271 272 273 -235 -234 -233 -232 -231 243 -230 -276 -275 -274 236 224 225 226 227 -241 -170 -169 -173 174 175 176 177 178 179 $ 
# Chromosome 2 
-196 -195 -194 -193 -192 -191 -190 -189 277 278 279 280 281 282 107 108 109 110 111 112 $ 
# Chromosome 3 
138 -144 143 -246 -245 -244 -44 -43 -42 -41 -40 -39 -38 -37 -36 -35 -34 -33 -32 -31 -30 -29 $ 
# Chromosome 4 
-168 -167 -166 -165 -164 -163 -162 -161 -160 -159 -158 -157 -156 -20 -19 -18 -17 -16 -15 -14 -13 -12 -11 $ 
# Chromosome 5 
-296 -295 -294 -293 208 209 210 -206 -205 207 -212 -211 $ 
# Chromosome 6 
-253 -252 -251 248 249 250 -247 283 284 285 1 2 3 4 5 6 -268 269 270 -10 -9 -8 -7 $ 
# Chromosome 7 
114 115 116 117 118 119 123 124 120 121 122 239 240 -242 -238 -237 -223 -222 228 229 $ 
# Chromosome 8
-82 -81 83 84 85 86 87 97 88 89 -96 -95 -94 -93 -92 -91 -90 $ 
# Chromosome 9 
-188 197 198 199 200 201 202 203 204 25 146 147 -145 148 141 -151 21 22 -26 $ 
# Chromosome 10 
-23 24 -172 -171 $ 
# Chromosome 11 
215 216 217 -219 -218 220 221 $ 
# Chromosome 12 
-267 -266 -265 -264 -260 -259 261 262 263 -258 -257 254 255 256 $ 
# Chromosome 13 
62 63 64 65 66 60 61 69 70 71 72 73 74 75 76 77 78 79 80 -68 -67 289 290 291 $ 
# Chromosome 14 
153 -214 -213 292 27 28 182 -181 -180 183 184 185 186 187 $ 
# Chromosome 15 
-49 -48 -47 -45 98 -155 -154 46 50 51 52 53 54 55 56 57 58 59 $ 
# Chromosome 16 
102 -105 -104 -103 106 -113 -101 -100 -99 $ 
# Chromosome 17 
286 287 288 $ 
# Chromosome 18 
-152 -150 -149 -140 -139 -142 $ 
# Chromosome X 
297 298 299 300 301 302 303 304 305 306 307 $

