>cat 
# Chromosome A1 
215 216 217 218 219 220 221 108 109 110 111 112 105 106 -107 113 103 104 -102 -101 -100 -99 $
# Chromosome A2 
277 278 279 280 281 282 -66 -65 60 61 -142 -141 -148 145 146 147 -140 -139 149 -152 -151 -150 $ 
# Chromosome A3 
-288 -287 286 35 36 37 38 39 40 41 -33 -32 -31 -30 42 43 44 -34 -29 $ 
# Chromosome B1 
98 -155 -154 -153 -97 -96 -95 -94 -93 -92 -91 -90 -89 -88 -87 -86 -85 -84 -83 -82 -81 $ 
# Chromosome B2 
-115 -114 116 117 118 119 120 121 122 123 124 125 126 -137 -136 -135 -134 -133 -132 -131 -130 -129 -128 -127 $ 
# Chromosome B3 
239 240 -242 -241 243 -230 -238 -237 -236 -235 -234 -233 -232 -231 222 223 224 225 226 227 228 229 $ 
# Chromosome B4 
205 206 207 208 209 -210 211 212 -295 -294 -293 -296 $ 
# Chromosome C1 
1 2 3 4 -9 -8 -7 -6 -5 10 11 12 13 14 15 16 45 46 47 48 49 50 51 52 53 54 55 56 57 58 59 $ 
# Chromosome C2 
-291 -290 -289 67 68 -80 -79 -78 -77 -76 -75 -74 -73 -72 -71 -70 -69 62 63 64 $ 
# Chromosome D1 
202 203 204 -201 -200 -199 -198 -197 188 189 190 191 -193 -192 194 195 196 $ 
# Chromosome D2 
-28 -27 -182 -181 -180 185 -187 -186 -184 -183 $ 
# Chromosome D3 
-214 213 292 -268 269 270 271 272 273 274 275 276 $ 
# Chromosome D4 
-169 -173 -172 -171 -170 -179 -178 -177 -176 -175 -174 $ 
# Chromosome E1 
255 256 -254 257 258 -263 -262 -259 -261 -260 264 265 266 267 $ 
# Chromosome E2 
285 -284 -283 247 248 249 250 251 252 253 $ 
# Chromosome E3 
138 -144 -143 -246 -245 -244 $ 
# Chromosome F1 
19 20 21 22 -26 -25 -24 17 18 -23 $ 
# Chromosome F2 
156 157 158 159 160 161 162 163 164 165 166 167 168 $ 
# Chromosome X 
297 298 299 300 301 302 303 304 305 306 307 $

