>dog 
# Chromosome 1 
-276 -275 -274 -273 -272 132 133 134 135 136 137 129 130 -285 -284 -283 $ 
# Chromosome 2 
112 105 106 -248 -247 -4 -3 -2 -267 $ 
# Chromosome 3 
-107 230 -243 -242 -241 -240 -82 -83 81 -86 85 -84 $ 
# Chromosome 4 
-28 -27 182 -113 -104 -103 $ 
# Chromosome 5 
-204 -203 -202 255 256 -9 1 -253 251 252 -250 -249 $ 
# Chromosome 6
-143 144 -138 -246 -245 -244 -13 -12 -11 -10 $ 
# Chromosome 7 
-24 26 22 -21 -20 -19 17 -270 -269 268 $ 
# Chromosome 8 
222 223 224 225 226 227 228 229 $ 
# Chromosome 9 
264 265 266 -260 -259 261 262 263 -258 257 254 -179 -178 -177 -176 -175 $ 
# Chromosome 10 
209 210 -296 -295 -294 -293 -43 44 -42 35 36 37 38 39 $ 
# Chromosome 11 
108 109 110 111 169 170 171 172 173 174 $ 
# Chromosome 12 
117 118 119 120 121 122 123 124 125 126 127 128 $ 
# Chromosome 13 
164 165 166 167 168 87 88 $ 
# Chromosome 14 
-149 146 147 139 -140 $ 
# Chromosome 15 
-7 -6 -5 -239 -8 211 212 95 96 97 $
# Chromosome 16 
-151 -150 -152 98 154 155 $ 
# Chromosome 17 
29 30 31 32 33 34 -41 -40 15 16 -14 $ 
# Chromosome 18 
-142 -141 -148 145 193 194 -196 -195 $ 
# Chromosome 19 
49 -48 -47 45 -46 94 $ 
# Chromosome 20 
-61 -60 -66 -65 -282 -281 -280 -279 -278 -277 $ 
# Chromosome 21 
192 -191 -190 -189 -188 197 198 199 200 201 $ 
# Chromosome 22 
-219 -218 220 221 $ 
# Chromosome 23 
63 64 62 69 70 71 $ 
# Chromosome 24 
-286 287 288 $ 
# Chromosome 25 
-217 -216 -215 -153 58 59 $ 
# Chromosome 26 
-214 213 -291 292 $ 
# Chromosome 27 
271 -208 -207 -206 -205 $ 
# Chromosome 28 
-181 -180 183 184 185 186 187 $ 
# Chromosome 29 
156 157 158 159 160 161 162 163 $ 
# Chromosome 30 
231 232 233 234 235 236 237 238 $ 
# Chromosome 31 
-67 289 290 $ 
# Chromosome 32 
89 90 91 92 93 $ 
# Chromosome 33 
68 -80 -79 $ 
# Chromosome 34 
-102 -101 -100 -99 77 78 72 73 74 75 76 $ 
# Chromosome 35 
114 115 116 $ 
# Chromosome 36 
51 50 52 53 131 $ 
# Chromosome 37 
54 55 56 -57 $ 
# Chromosome 38 
25 -23 18 $ 
# Chromosome X 
297 298 299 300 301 302 303 304 305 306 307 $

