>cattle 
# Chromosome 1 
-289 67 68 -80 -79 -78 -77 -76 -75 -74 -73 -72 -71 70 69 290 291 $ 
# Chromosome 2 
53 54 46 48 49 50 51 52 -45 -47 55 56 -57 -58 -4 -3 $ 
# Chromosome 3 
-19 -18 -17 -16 -15 -14 -13 -12 -11 -10 -9 -8 -7 -6 -59 5 $ 
# Chromosome 4 
-147 -146 -145 148 139 140 141 142 149 150 151 152 $ 
# Chromosome 5 
211 -208 -207 -210 -209 212 293 294 -206 -205 295 296 $ 
# Chromosome 6 
-93 -92 -91 84 85 86 87 88 89 90 -81 82 83 $ 
# Chromosome 7 
-282 -281 277 108 278 279 280 109 110 111 112 113 107 $ 
# Chromosome 8 
153 -171 -170 -169 -173 -172 174 $ 
# Chromosome 9 
125 126 129 130 -128 -127 131 132 133 134 135 136 137 $ 
# Chromosome 10 
-225 236 -222 231 224 -235 -234 226 227 228 233 $ 
# Chromosome 11 
42 43 44 -40 33 -41 -35 -34 -37 -36 -39 30 31 32 38 -29 175 176 177 178 179 $ 
# Chromosome 12 
-219 -218 -217 -216 -215 220 221 $ 
# Chromosome 13 
-288 287 286 $ 
# Chromosome 14
-168 -157 -156 158 159 160 161 -166 -162 165 164 167 -163 $ 
# Chromosome 15 
-202 -201 203 -190 -189 -188 197 192 193 194 $ 
# Chromosome 16 
25 -23 -20 21 22 -24 26 -2 -1 $ 
# Chromosome 17 
-96 -95 -94 -97 -214 -213 292 $ 
# Chromosome 18 
-251 253 247 248 249 250 252 283 284 285 $ 
# Chromosome 19 
-263 -262 -258 -257 254 255 256 -261 259 264 -267 -266 -265 $ 
# Chromosome 20 
-106 -105 -104 -103 -102 -101 -100 -99 $ 
# Chromosome 21 
241 242 243 -230 -240 -239 -238 -237 223 -232 229 $ 
# Chromosome 22 
62 63 64 -60 260 -61 65 66 $ 
# Chromosome 23 
123 124 118 119 120 121 122 -117 -116 -115 -114 $ 
# Chromosome 24 
-276 -270 269 -271 268 272 273 274 275 $ 
# Chromosome 25 
-245 -244 246 143 144 -138 $ 
# Chromosome 26 
183 184 185 186 187 $ 
# Chromosome 27 
98 154 -155 $ 
# Chromosome 28 
27 28 182 180 181 $ 
# Chromosome 29 
199 -200 -198 -191 204 195 196 $ 
# Chromosome X 
306 307 304 305 -303 -302 -301 -300 -299 -298 -297 $

