>rat 
# Chromosome 1 
-133 131 132 130 134 135 136 137 -285 -283 -284 190 191 230 -243 241 242 -240 -239 -200 -199 -198 -197 188 189 246 187 -196 -195 -183 184 185 186 $ 
# Chromosome 2 
-107 -106 -105 -104 -103 -102 -101 -100 -163 -162 160 -76 73 -75 -74 77 94 -217 71 72 -97 -96 -17 -16 -15 -14 -13 -93 -11 -10 $ 
# Chromosome 3 
179 -178 177 -176 175 48 49 50 51 52 53 -194 -193 -192 231 232 233 234 286 287 288 $ 
# Chromosome 4 
-152 -148 145 146 147 149 150 151 139 140 92 -41 -40 -39 -38 60 61 -180 -205 206 $ 
# Chromosome 5 
-161 156 157 158 -159 -127 171 172 173 174 169 170 9 -8 -7 -6 -5 4 -3 -2 -1 $ 
# Chromosome 6 
34 35 -33 -32 -31 -30 -29 223 224 227 228 229 $ 
# Chromosome 7 
-209 -277 -212 -211 -210 164 165 166 167 168 294 295 296 207 208 $ 
# Chromosome 8 
-202 -201 279 -204 -203 238 -237 -236 -235 -123 126 -70 -69 -66 -63 -62 64 65 $ 
# Chromosome 9 
121 122 -125 -124 -46 42 43 44 54 55 56 57 58 59 -268 $ 
# Chromosome 10 
-245 -244 -113 -109 -108 -256 -255 -254 -257 258 263 -262 -261 259 260 264 -265 266 267 $ 
# Chromosome 11 
-67 289 290 68 80 -79 -78 $ 
# Chromosome 12 
-278 -216 -138 144 143 -214 213 $ 
# Chromosome 13 
275 276 -45 47 -25 -24 -23 -22 -21 -20 -19 -18 -26 $ 
# Chromosome 14 
-12 -91 -90 -89 -88 -87 -86 -85 -84 -83 81 82 -292 -37 -36 $ 
# Chromosome 15 
225 226 222 215 219 -153 -218 220 $ 
# Chromosome 16 
-181 -182 282 98 154 155 -221 $ 
# Chromosome 17 
99 -110 -114 115 141 142 28 $ 
# Chromosome 18 
269 270 111 112 273 274 -272 -271 $ 
# Chromosome 19 
-249 -248 293 -247 280 281 95 250 -252 -251 253 27 $ 
# Chromosome 20 
116 117 118 119 120 291 129 -128 $ 
# Chromosome X 
-306 -300 -299 301 -305 -302 297 -298 303 304 307 $

