>mouse 
# Chromosome 1 
-156 161 122 -125 -124 -46 42 43 44 -55 -54 56 57 58 59 275 276 -45 47 -25 -24 -23 -22 -21 -20 -19 -18 -26 $ 
# Chromosome 2 
179 -178 177 -176 175 48 49 50 51 52 53 -194 -193 -192 231 232 233 234 286 287 288 $ 
# Chromosome 3 
162 163 160 -76 -75 73 74 77 94 -217 71 72 -97 -96 -17 -16 -15 -14 -13 -93 -11 -10 $ 
# Chromosome 4 
157 158 -159 -127 171 172 173 174 169 170 9 -8 -7 -6 -5 -4 -3 -2 -1 $ 
# Chromosome 5 
146 -145 148 152 31 -82 -81 83 84 85 86 87 88 89 90 91 12 -213 214 -143 -144 138 216 $ 
# Chromosome 6 
147 149 150 151 139 140 92 -41 -40 -39 -38 60 61 -180 -205 206 $ 
# Chromosome 7 
285 -283 -284 190 191 230 -243 241 242 -240 -239 -200 -199 -198 -197 188 189 246 187 $ 
# Chromosome 8 
278 221 -155 -154 -98 -282 293 -95 -281 -280 247 248 249 250 -252 -251 253 27 $ 
# Chromosome 9 
-202 -201 279 -204 -203 238 -237 -236 -235 -123 126 -70 -69 -66 -63 -62 64 65 $ 
# Chromosome 10 
134 -133 -132 -131 -130 -128 129 277 -212 -211 -210 -209 $ 
# Chromosome 11 
-292 -37 -36 -113 -109 -108 256 -255 -254 -257 258 263 -262 -261 259 260 264 -265 266 267 $
# Chromosome 12 
-30 -29 223 224 227 228 229 $ 
# Chromosome 13 
-28 -142 -141 -115 114 110 -100 -99 -107 -106 -105 -104 $ 
# Chromosome 14 
-181 -182 225 226 222 215 219 -153 -218 220 $ 
# Chromosome 15 
-103 -102 -101 164 165 166 167 168 294 295 296 207 208 $ 
# Chromosome 16 
245 78 79 -80 -68 -67 289 290 $ 
# Chromosome 17 
-135 -136 137 -244 119 120 291 -118 -117 -116 -121 -268 32 33 34 35 $ 
# Chromosome 18 
269 270 111 112 273 274 -272 -271 $ 
# Chromosome 19 
196 -195 183 184 185 186 $ 
# Chromosome X 
-301 300 306 307 -299 -298 303 304 305 -302 -297 $

